- t: 0e0
  u:
    moments: [1.0, 0.8333333333333334, 0.0, 0.0]
    sigma_moments: [2.8284271247461903, 2.846375212766555, 0.0, 0.0]
    overall_cumulants: [0.3333333333333333, 0.6666666666666666, 1.0, 3.0]
    sigma_overall_cumulants: [0.4714045207910317, 0.9428090415820634, 1.4142135623730951, 4.242640687119285]
    cumulants: [0.0, 0.0, 0.0, 0.0]
    sigma_cumulants: [0.0, 0.0, 0.0, 0.0]
