
- - t: 9.000000000006568e1
    Sk: [1.7313427497372577e-28,0e0,9.742330826680251e-1,1.320619596025688e-19,9.505428677309857e-1,2.3497978281173895e-19,1.004562689739598e0,4.440195305962452e-19,1.064961369723517e0,1.1618372203111384e-34,1.004562689739598e0,1.1241089275870618e-18,9.505428677309857e-1,1.0086152329985291e-18,9.742330826680251e-1,-4.1741498532603997e-19]
  - t: 9.33340000000816e1
    Sk: [1.7314126654705213e-28,0e0,7.275696081135683e-1,1.727469405481204e-2,3.3021267780136315e-1,-2.2499319400851033e-2,1.5881125740169386e-1,8.031143456443034e-3,1.1647440077826084e-1,-8.731640316658793e-33,1.5881125740169388e-1,-8.031143456443034e-3,3.3021267780136315e-1,2.2499319400851037e-2,7.275696081135683e-1,-1.727469405481204e-2]
  - t: 9.666800000009752e1
    Sk: [1.7315884968559127e-28,0e0,5.27462541739439e-1,2.6542126652549174e-2,1.4539400330249677e-1,-1.0455268991647641e-2,5.4111672295066804e-2,1.6071039240208418e-2,-1.029165306574025e-2,-1.2902813659089123e-32,5.411167229506681e-2,-1.607103924020842e-2,1.4539400330249677e-1,1.0455268991647646e-2,5.27462541739439e-1,-2.6542126652549177e-2]
