- t: 0e0
  moments: [0e0,0e0,0e0,0e0]
  cumulants: [0e0,0e0,0e0,0e0]
- t: 3.000000000001368e1
  moments: [2.2984218694954705e-17,3.509484738273016e-1,-2.611178595730254e-3,3.6635062477776154e-1]
  cumulants: [2.2984218694954705e-17,3.509484738273016e-1,-2.6111785957302785e-3,-3.143869067375016e-3]
- t: 6.0000999999950864e1
  moments: [-3.7268799157885727e-17,3.47930198801296e-1,-1.2456252107458624e-3,3.6199733328419437e-1]
  cumulants: [-3.7268799157885727e-17,3.47930198801296e-1,-1.2456252107458236e-3,-1.1689364295336957e-3]
- t: 9.000100000006569e1
  moments: [-1.27751975664836e-16,3.4578960642599554e-1,5.768469562171636e-3,3.477486875090455e-1]
  cumulants: [-1.27751975664836e-16,3.4578960642599554e-1,5.768469562171768e-3,-1.096266822768921e-2]
