- t: 0e0
  moments: [0e0,0e0,0e0,0e0]
  cumulants: [0e0,0e0,0e0,0e0]
- t: 3.000000000001368e1
  moments: [-6.408762409648716e-16,1.5422529525852589e1,1.7924762937107075e0,7.140477218652377e2]
  cumulants: [-6.408762409648716e-16,1.5422529525852589e1,1.7924762937107372e0,4.8447093785307516e-1]
- t: 6.0000999999950864e1
  moments: [-8.036279974810156e-16,1.566472145067728e1,3.7202203189127914e-1,7.335948044626904e2]
  cumulants: [-8.036279974810156e-16,1.566472145067728e1,3.720220318913169e-1,-2.5556899192364426e0]
- t: 9.000100000006569e1
  moments: [-9.147890778216095e-16,1.5527917538519318e1,1.119607974375869e0,7.330724838759406e2]
  cumulants: [-9.147890778216095e-16,1.5527917538519318e1,1.1196079743759115e0,9.723814626773105e0]
