- t: 0e0
  moments: [0e0,0e0,0e0,0e0,0e0,0e0,0e0,0e0]
  cumulants: [0e0,0e0,0e0,0e0,0e0,0e0,0e0,0e0]
- t: 3.000000000001368e1
  moments: [3.0000000000013678e1,6.0000000000027356e1,9.00000000000821e2,3.600000000003284e3,2.700000000003694e4,2.1600000000029552e5,8.100000000014775e5,1.296000000002364e7]
  cumulants: [3.0000000000013678e1,6.0000000000027356e1,3.410605131648481e-13,1.3642420526593924e-12,-2.1827872842550278e-11,-1.7462298274040222e-10,1.0477378964424133e-9,1.6763806343078613e-8]
- t: 6.0000999999950864e1
  moments: [6.0000999999950864e1,1.2000199999990173e2,3.6001200009941035e3,1.4400480003976414e4,2.160108001794703e5,1.7280864014357624e6,1.2960864021557784e7,2.0737382434492454e8]
  cumulants: [6.0000999999950864e1,1.2000199999990173e2,0e0,0e0,0e0,0e0,0e0,0e0]
- t: 9.000100000006569e1
  moments: [9.000100000006569e1,1.8000200000013137e2,8.100180001011824e3,3.2400720004047296e4,7.290243002715972e5,5.832194402172778e6,6.561291604879191e7,1.0498066567806705e9]
  cumulants: [9.000100000006569e1,1.8000200000013137e2,0e0,0e0,0e0,0e0,0e0,0e0]
