- t: 9.000000000006568e1
  Sk: [1.7313427497372577e-28,9.742330826680251e-1,9.505428677309857e-1,1.004562689739598e0,1.064961369723517e0,1.004562689739598e0,9.505428677309857e-1,9.742330826680251e-1]
- t: 9.300000000008001e1
  Sk: [1.7846427145097901e-28,1.0093954768460143e0,9.701286548203635e-1,9.800324890152495e-1,9.398785702111948e-1,9.800324890152499e-1,9.701286548203636e-1,1.0093954768460143e0]
- t: 9.600000000009433e1
  Sk: [1.832077745369765e-28,1.0146231648294533e0,9.695211900197472e-1,1.0680495933336562e0,9.047730257007759e-1,1.0680495933336565e0,9.695211900197472e-1,1.014623164829453e0]
- t: 9.900000000010866e1
  Sk: [1.889823396562339e-28,1.0111468403921628e0,9.405459913842876e-1,1.0251840971958555e0,1.0198554659523746e0,1.0251840971958555e0,9.405459913842876e-1,1.0111468403921626e0]
