- t: 5.000099999997417e1
  Sk: [2.500100000997417e3,1.0000400003989667e4,4.0005507908721576e-30,1.600220316348863e-29,4.686936792660996e-30,1.8747747170643983e-29,6.863860017888391e-31,2.7455440071553565e-30,9.373873585321991e-30,3.7495494341287966e-29,6.863860017888388e-31,2.745544007155355e-30,4.686936792660995e-30,1.874774717064398e-29,4.0005507908721555e-30,1.6002203163488622e-29]
- t: 6.000199999995086e1
  Sk: [3.600240003994103e3,1.4400960015976412e4,5.76094675795453e-30,2.304378703181812e-29,6.749368957400902e-30,2.699747582960361e-29,9.884221994463729e-31,3.9536887977854914e-30,1.3498737914801805e-29,5.399495165920722e-29,9.884221994463729e-31,3.9536887977854914e-30,6.749368957400901e-30,2.6997475829603604e-29,5.760946757954527e-30,2.304378703181811e-29]
